Date,Open,High,Low,Close,Volume
29-Nov-17,30700.00,31000.00,30250.00,30850.00,3278550
28-Nov-17,30750.00,31350.00,30400.00,30800.00,3057552
27-Nov-17,31300.00,31350.00,30600.00,30850.00,2609730
24-Nov-17,31100.00,32050.00,31100.00,31300.00,2620179
23-Nov-17,31800.00,31900.00,31100.00,31350.00,2519523
22-Nov-17,32200.00,32400.00,31400.00,31800.00,4955602
21-Nov-17,30100.00,31850.00,30050.00,31700.00,9204710
20-Nov-17,30250.00,30350.00,29800.00,29900.00,1877902
17-Nov-17,29600.00,30250.00,29400.00,30050.00,3459693
16-Nov-17,29400.00,29700.00,29150.00,29350.00,1894708
15-Nov-17,29300.00,29550.00,29000.00,29250.00,2398040
14-Nov-17,29850.00,29900.00,29200.00,29300.00,2735273
13-Nov-17,30550.00,30600.00,29650.00,29800.00,2937820
10-Nov-17,29950.00,30300.00,29550.00,30200.00,2591255
9-Nov-17,29350.00,29950.00,29150.00,29900.00,3614549
8-Nov-17,29550.00,29800.00,29100.00,29150.00,2800557
7-Nov-17,29550.00,29850.00,29400.00,29550.00,1866980
6-Nov-17,29750.00,29900.00,29400.00,29500.00,2239283
3-Nov-17,29700.00,30000.00,29500.00,29650.00,1912794
2-Nov-17,29700.00,30350.00,29600.00,29650.00,3498406
1-Nov-17,29200.00,29800.00,29200.00,29500.00,2412389
31-Oct-17,29600.00,29700.00,29100.00,29300.00,2706902
30-Oct-17,29950.00,30000.00,29400.00,29500.00,2311695
27-Oct-17,29050.00,29700.00,29050.00,29400.00,3191024
26-Oct-17,29400.00,29500.00,28900.00,28900.00,3395721
25-Oct-17,30000.00,30500.00,29300.00,29450.00,4226051
24-Oct-17,29750.00,29750.00,29150.00,29400.00,2300176
23-Oct-17,30550.00,30550.00,29600.00,29700.00,3058687
20-Oct-17,29150.00,30550.00,29150.00,30500.00,4994962
19-Oct-17,29000.00,29350.00,28900.00,29100.00,1734888
18-Oct-17,29050.00,29450.00,28700.00,28900.00,2058926
17-Oct-17,29550.00,29750.00,29000.00,29050.00,2432396
16-Oct-17,29150.00,29700.00,29000.00,29500.00,3477545
13-Oct-17,28550.00,29000.00,27850.00,29000.00,5760754
12-Oct-17,29900.00,30200.00,28700.00,28700.00,7371694
11-Oct-17,29800.00,30500.00,29750.00,30250.00,2741035
10-Oct-17,30600.00,30650.00,29650.00,29900.00,4520038
29-Sep-17,30550.00,30700.00,30200.00,30550.00,2411764
28-Sep-17,30800.00,30850.00,30300.00,30400.00,1877192
27-Sep-17,30600.00,30900.00,30250.00,30550.00,2372294
26-Sep-17,30750.00,31050.00,30450.00,30500.00,2422069
25-Sep-17,30750.00,31400.00,30300.00,30750.00,2878947
22-Sep-17,31450.00,31750.00,30700.00,30750.00,3239666
21-Sep-17,31800.00,32050.00,31200.00,31400.00,2541812
20-Sep-17,32200.00,32800.00,31350.00,31550.00,5572907
19-Sep-17,33850.00,33850.00,32000.00,32300.00,8099835
18-Sep-17,33800.00,34300.00,33650.00,34000.00,3286955
15-Sep-17,33550.00,34450.00,33350.00,33800.00,4273731
14-Sep-17,33200.00,34050.00,33200.00,33800.00,4919041
13-Sep-17,32700.00,33250.00,32500.00,32900.00,4666823
12-Sep-17,32300.00,32650.00,31950.00,32400.00,3431571
11-Sep-17,31900.00,32400.00,31800.00,31900.00,2302713
8-Sep-17,32200.00,32250.00,31400.00,31600.00,2338487
7-Sep-17,31900.00,32600.00,31650.00,31950.00,3506905
6-Sep-17,32200.00,32450.00,31450.00,31650.00,5801050
5-Sep-17,30400.00,32200.00,30350.00,32200.00,6363619
4-Sep-17,29950.00,30500.00,29850.00,30250.00,1612219
1-Sep-17,31350.00,31450.00,30700.00,30750.00,1679520
31-Aug-17,31200.00,31400.00,31000.00,31150.00,1752344
30-Aug-17,30500.00,31000.00,30350.00,30900.00,2323686
29-Aug-17,30100.00,30450.00,30000.00,30300.00,1872733
28-Aug-17,30950.00,31100.00,30400.00,30500.00,1804065
25-Aug-17,30750.00,31100.00,30500.00,31000.00,2080865
24-Aug-17,31150.00,31200.00,30300.00,30400.00,2736508
23-Aug-17,31050.00,31650.00,31050.00,31200.00,2332142
22-Aug-17,31250.00,31400.00,30750.00,31100.00,1897132
21-Aug-17,30550.00,31150.00,30100.00,31100.00,2577979
18-Aug-17,30050.00,30700.00,29750.00,30300.00,2045536
17-Aug-17,29800.00,30500.00,29650.00,30350.00,2657655
16-Aug-17,30000.00,30100.00,29400.00,29600.00,2616961
14-Aug-17,30300.00,30400.00,29800.00,29900.00,2326483
11-Aug-17,28950.00,30150.00,28700.00,30000.00,4217908
10-Aug-17,29900.00,30150.00,29100.00,29350.00,4155959
9-Aug-17,30200.00,30350.00,29750.00,29900.00,3661836
8-Aug-17,31100.00,31200.00,30400.00,30650.00,2614769
7-Aug-17,30900.00,31350.00,30900.00,31050.00,1574569
4-Aug-17,31100.00,31250.00,30550.00,30850.00,2460844
3-Aug-17,31800.00,32000.00,30850.00,31100.00,3215737
2-Aug-17,31850.00,32600.00,31750.00,31900.00,4764655
1-Aug-17,31850.00,31850.00,31050.00,31350.00,3395902
31-Jul-17,30800.00,31750.00,30800.00,31650.00,3872962
28-Jul-17,32300.00,32400.00,30750.00,30800.00,6437788
27-Jul-17,32150.00,32600.00,31650.00,31750.00,5475429
26-Jul-17,33150.00,33300.00,31800.00,32400.00,6736442
25-Jul-17,33400.00,33750.00,32650.00,32800.00,5065999
24-Jul-17,34200.00,34400.00,33000.00,33250.00,6462775
21-Jul-17,34650.00,35000.00,34000.00,34200.00,6314489
20-Jul-17,36850.00,36900.00,34200.00,34300.00,13690753
19-Jul-17,36550.00,37700.00,36500.00,37350.00,3193550
18-Jul-17,36100.00,36850.00,36000.00,36300.00,2252591
17-Jul-17,36200.00,36350.00,35550.00,36050.00,2338467
14-Jul-17,36900.00,37000.00,35750.00,35950.00,3135762
13-Jul-17,36900.00,37450.00,36650.00,36700.00,2460680
12-Jul-17,37350.00,37650.00,36350.00,36350.00,2031375
11-Jul-17,35950.00,37100.00,35500.00,37000.00,3024468
10-Jul-17,36700.00,37100.00,35500.00,35700.00,3398800
7-Jul-17,37300.00,37500.00,36300.00,36500.00,3406885
6-Jul-17,39000.00,39000.00,37650.00,37800.00,3794057
5-Jul-17,39050.00,39600.00,38350.00,38900.00,4917715
4-Jul-17,36600.00,38650.00,36600.00,38500.00,4730476
3-Jul-17,37300.00,37650.00,36250.00,36550.00,1734637
30-Jun-17,36800.00,37700.00,36600.00,37100.00,2237842
29-Jun-17,38000.00,38250.00,37350.00,37550.00,2333799
28-Jun-17,37600.00,38650.00,37000.00,37250.00,3648736
27-Jun-17,36950.00,38700.00,36850.00,38050.00,4692241
26-Jun-17,36500.00,37250.00,36350.00,36700.00,2240529
23-Jun-17,36500.00,36700.00,35400.00,36500.00,3166265
22-Jun-17,37000.00,37250.00,36200.00,36400.00,2349924
21-Jun-17,36250.00,36800.00,35700.00,36650.00,3001839
20-Jun-17,37900.00,38150.00,36000.00,36900.00,4166615
19-Jun-17,37400.00,38400.00,37000.00,37250.00,2984240
16-Jun-17,37850.00,39100.00,37400.00,37400.00,3247953
15-Jun-17,37400.00,38150.00,36450.00,38150.00,4198795
14-Jun-17,38300.00,38300.00,37000.00,37250.00,4527498
13-Jun-17,35000.00,37700.00,34950.00,37600.00,5857597
12-Jun-17,36000.00,36400.00,34700.00,34900.00,5311608
9-Jun-17,36750.00,36800.00,35650.00,36700.00,3766862
8-Jun-17,36100.00,36800.00,35750.00,36500.00,5385291
7-Jun-17,34350.00,35950.00,34200.00,35400.00,4866736
5-Jun-17,33550.00,34300.00,32900.00,33950.00,3606460
2-Jun-17,32900.00,33500.00,32500.00,33300.00,3308839
1-Jun-17,32550.00,32800.00,32100.00,32600.00,2862448
31-May-17,32300.00,32900.00,31700.00,32600.00,5221008
30-May-17,30600.00,32200.00,30500.00,32050.00,7821506
29-May-17,30400.00,30500.00,30000.00,30200.00,3110472
26-May-17,29000.00,30150.00,28950.00,30050.00,5268403
25-May-17,29100.00,29200.00,28750.00,28850.00,1978637
24-May-17,29050.00,29350.00,28850.00,29100.00,1625157
23-May-17,29350.00,29400.00,29000.00,29100.00,1648992
22-May-17,29600.00,29650.00,29000.00,29250.00,1636881
19-May-17,29450.00,29500.00,29150.00,29450.00,1368228
18-May-17,28800.00,29600.00,28700.00,29500.00,2365004
17-May-17,28900.00,29200.00,28800.00,29100.00,1873014
16-May-17,29000.00,29050.00,28700.00,28800.00,2043068
15-May-17,29100.00,29150.00,28250.00,28800.00,3063654
12-May-17,29650.00,29900.00,28950.00,29050.00,3322821
11-May-17,30100.00,30150.00,29550.00,29700.00,2558877
10-May-17,30400.00,30550.00,29800.00,29900.00,3099030
8-May-17,30050.00,30600.00,29950.00,30400.00,2381108
4-May-17,29650.00,30200.00,29650.00,30000.00,1821060
2-May-17,29650.00,30100.00,29600.00,29600.00,2595962
28-Apr-17,29600.00,30100.00,29050.00,29400.00,4368301
27-Apr-17,31250.00,31300.00,29750.00,29850.00,5071276
26-Apr-17,31800.00,31950.00,31200.00,31400.00,3283454
25-Apr-17,30050.00,31300.00,30050.00,31200.00,2941926
24-Apr-17,29950.00,30200.00,29800.00,30200.00,1200145
21-Apr-17,30000.00,30200.00,29650.00,29900.00,1720494
20-Apr-17,30600.00,30900.00,29600.00,29800.00,2975430
19-Apr-17,30700.00,31050.00,30350.00,30600.00,1011493
18-Apr-17,31100.00,31350.00,30600.00,30850.00,1353901
17-Apr-17,30850.00,31050.00,30750.00,30800.00,826858
14-Apr-17,30750.00,30950.00,30350.00,30500.00,727617
13-Apr-17,30450.00,30900.00,30200.00,30900.00,1517073
12-Apr-17,30850.00,30850.00,30050.00,30400.00,1475482
11-Apr-17,30600.00,30850.00,30300.00,30850.00,1904474
10-Apr-17,30650.00,30750.00,29900.00,30100.00,1661439
7-Apr-17,30050.00,30350.00,29750.00,29850.00,744883
6-Apr-17,30050.00,30250.00,29500.00,29800.00,1598182
5-Apr-17,30150.00,30350.00,29650.00,30350.00,1642867
4-Apr-17,30250.00,30650.00,30000.00,30150.00,952033
3-Apr-17,30400.00,30450.00,29900.00,30250.00,1046730
31-Mar-17,30300.00,30350.00,30000.00,30250.00,1188232
30-Mar-17,30750.00,31150.00,29950.00,30100.00,2649021
29-Mar-17,29600.00,30500.00,29450.00,30450.00,3208297
28-Mar-17,29250.00,29400.00,28800.00,29200.00,1119045
27-Mar-17,29650.00,30000.00,28900.00,29000.00,1371757
24-Mar-17,29400.00,29800.00,29050.00,29400.00,1542124
23-Mar-17,29750.00,30050.00,29300.00,29300.00,2392253
22-Mar-17,28900.00,29900.00,28900.00,29500.00,3887746
21-Mar-17,28250.00,28950.00,28150.00,28900.00,2732278
20-Mar-17,28350.00,28400.00,27950.00,28050.00,970644
17-Mar-17,28150.00,28300.00,27850.00,28000.00,1669202
16-Mar-17,28100.00,28300.00,27950.00,28200.00,1370931
15-Mar-17,28000.00,28200.00,27800.00,27850.00,1207082
14-Mar-17,28200.00,28550.00,28200.00,28250.00,1559141
13-Mar-17,27900.00,28150.00,27750.00,28000.00,973155
10-Mar-17,28550.00,28600.00,27750.00,27900.00,1490904
9-Mar-17,28600.00,28750.00,28250.00,28450.00,1039578
8-Mar-17,28700.00,28900.00,28250.00,28400.00,1906670
7-Mar-17,27950.00,28600.00,27750.00,28600.00,2149778
6-Mar-17,28000.00,28100.00,27400.00,27900.00,1157089
3-Mar-17,27650.00,28100.00,27450.00,28050.00,1733427
2-Mar-17,27850.00,27900.00,27200.00,27700.00,2131912
28-Feb-17,27500.00,27650.00,27150.00,27400.00,1940933
27-Feb-17,27700.00,27800.00,27050.00,27300.00,2045767
24-Feb-17,28650.00,28650.00,27550.00,27650.00,2396253
23-Feb-17,28600.00,28750.00,28350.00,28550.00,1236698
22-Feb-17,28900.00,28950.00,28250.00,28450.00,1537431
21-Feb-17,28250.00,29150.00,28250.00,28700.00,2249299
20-Feb-17,28450.00,28500.00,28000.00,28100.00,1227376
17-Feb-17,28300.00,28650.00,28050.00,28400.00,1432794
16-Feb-17,27850.00,28400.00,27700.00,28200.00,1346715
15-Feb-17,28450.00,28500.00,27700.00,27850.00,2628831
14-Feb-17,28100.00,28600.00,28050.00,28450.00,1708033
13-Feb-17,28550.00,28550.00,27550.00,28050.00,3363942
10-Feb-17,29600.00,29700.00,29150.00,29150.00,1083368
9-Feb-17,29550.00,29650.00,28950.00,29350.00,1498389
8-Feb-17,29000.00,29500.00,28650.00,29450.00,2016611
7-Feb-17,28700.00,29200.00,28250.00,28900.00,2547638
6-Feb-17,29800.00,29850.00,28850.00,29000.00,1986943
3-Feb-17,30350.00,30500.00,29350.00,29550.00,2302496
2-Feb-17,31000.00,31050.00,30000.00,30200.00,1747624
1-Feb-17,30900.00,31200.00,30750.00,31050.00,1259613
31-Jan-17,30500.00,31000.00,30450.00,30650.00,1780993
26-Jan-17,30050.00,30800.00,29700.00,30250.00,2794878
25-Jan-17,32000.00,32200.00,30350.00,30400.00,3619738
24-Jan-17,33000.00,33150.00,31450.00,31750.00,2599989
23-Jan-17,32300.00,32750.00,32100.00,32500.00,1610455
20-Jan-17,31300.00,32100.00,31000.00,32050.00,1248094
19-Jan-17,31550.00,31800.00,30800.00,31250.00,1021982
18-Jan-17,31150.00,31600.00,31050.00,31550.00,1012390
17-Jan-17,31000.00,31400.00,30900.00,31200.00,886311
16-Jan-17,32150.00,32200.00,30600.00,30850.00,1645584
13-Jan-17,31800.00,32000.00,31500.00,31950.00,1086816
12-Jan-17,32500.00,32600.00,32000.00,32000.00,1474708
11-Jan-17,31800.00,32300.00,31500.00,32100.00,1872016
10-Jan-17,32200.00,32350.00,31450.00,31600.00,1177221
9-Jan-17,31800.00,32250.00,31700.00,32100.00,1662964
6-Jan-17,31750.00,31950.00,31550.00,31650.00,915048
5-Jan-17,31550.00,31700.00,31100.00,31500.00,1049385
4-Jan-17,31950.00,32250.00,31100.00,31450.00,1294116
3-Jan-17,31300.00,31900.00,31250.00,31750.00,1346730
2-Jan-17,31200.00,31300.00,30750.00,31150.00,1155583
29-Dec-16,31450.00,31600.00,31050.00,31450.00,842054
28-Dec-16,31350.00,31850.00,31050.00,31800.00,1160551
27-Dec-16,32000.00,32100.00,31200.00,31400.00,1071530
26-Dec-16,31500.00,32000.00,31300.00,32000.00,1077985
23-Dec-16,31600.00,31700.00,30850.00,31300.00,1167850
22-Dec-16,31900.00,32400.00,31350.00,31400.00,1725354
21-Dec-16,30750.00,31900.00,30700.00,31500.00,1748948
20-Dec-16,30550.00,30700.00,30250.00,30550.00,719689
19-Dec-16,31200.00,31250.00,30350.00,30500.00,965702
16-Dec-16,30800.00,31600.00,30650.00,30900.00,1467522
15-Dec-16,30400.00,31200.00,30250.00,30950.00,1628488
14-Dec-16,31100.00,31300.00,30100.00,30300.00,1645157
13-Dec-16,29750.00,30500.00,29550.00,30350.00,1898646
12-Dec-16,30400.00,30700.00,29350.00,29550.00,1372477
9-Dec-16,30300.00,30500.00,30000.00,30350.00,870191
8-Dec-16,30300.00,30750.00,30000.00,30300.00,1232883
7-Dec-16,29600.00,30150.00,29550.00,29850.00,1644515
6-Dec-16,28300.00,29250.00,28000.00,29100.00,1347385
5-Dec-16,27500.00,28000.00,27450.00,27800.00,444464
2-Dec-16,28100.00,28250.00,27300.00,27900.00,804282
1-Dec-16,28000.00,28750.00,27700.00,28400.00,894254
